15
0.3212632744 0.6247235097 0.2171297839 0.7828945918 0.7489850070 0.5760947802 0.2563544972 0.1116720961 0.5511170678 0.2041723146 0.6062332155 0.1711858942 0.5558821009 0.3757364850 0.8231211526
0.9607910958 0.3451482731 0.5381865968 0.9123619949 0.4930755723 0.9594711837 0.8437448033 0.0193151005 0.5688326960 0.8878582264 0.0586646703 0.1576837041 0.9593683615 0.6035159330 0.5179729325
0.2837685650 0.4798153928 0.6343811300 0.2778745522 0.1434352076 0.3443551220 0.9160241608 0.7908027608 0.9679971626 0.8827222796 0.9645530225 0.8821973252 0.2758818771 0.1670958426 0.2284352658
0.5434460167 0.7488595048 0.3494554091 0.8306941173 0.0720252474 0.3947793256 0.5417089179 0.7967240867 0.3877284140 0.9831724862 0.8843741966 0.7780106855 0.9329708517 0.0457436060 0.0443232012
0.2283274368 0.4255128843 0.5706882063 0.7580748974 0.9665229679 0.8735434186 0.8879365911 0.1943486660 0.0687997648 0.6859182548 0.1418391783 0.8480669133 0.0734251089 0.4144489221 0.1784724055
0.3977224418 0.5521040803 0.6504894861 0.6366576892 0.4590022228 0.2047834666 0.8646697953 0.5249513682 0.4497859148 0.7684442092 0.5264760894 0.5912757634 0.8451144267 0.1954796290 0.6694806986
0.3475275466 0.9454496349 0.7535450455 0.1783743666 0.6984119161 0.9075235649 0.9263042458 0.4655565825 0.7419163720 0.1943019380 0.2532865912 0.8778902667 0.4582511702 0.7890626796 0.5371080253
0.1283293423 0.6847482778 0.4883178533 0.1675983964 0.2824788792 0.9861240221 0.3392828397 0.6649160604 0.3467491541 0.7726750097 0.8198240474 0.9275204376 0.3026167411 0.2933913473 0.6722924176
0.0859117806 0.5106068861 0.9366343698 0.3973766946 0.3093367270 0.7679634627 0.6079409219 0.2900873519 0.3901969534 0.9455739212 0.8226800792 0.5572079751 0.4396880256 0.0525686314 0.5507019615
0.4940281381 0.5682335343 0.7811152560 0.7807828130 0.9178977838 0.9955696766 0.0692804030 0.2345841984 0.0571201682 0.6378740645 0.9864326503 0.6530085935 0.8759266866 0.8531210887 0.2935120601
0.6022472619 0.3797534804 0.6908867495 0.3595935974 0.8024809282 0.7897665945 0.6891128045 0.7265225958 0.5691071011 0.6015583553 0.9878812855 0.5050027616 0.0745329338 0.4501652023 0.2890377199
0.9583679983 0.7879853408 0.3920326776 0.9805418421 0.0843718089 0.6314555699 0.6842805927 0.5657125172 0.7406787356 0.1018079740 0.3925977598 0.3900735437 0.8763441378 0.8522483214 0.1913220302
0.5422955413 0.7294206589 0.0007596189 0.5327383763 0.7207683598 0.4299304710 0.7387786539 0.9573536093 0.8036275033 0.3077946245 0.6502996891 0.6928838460 0.8375970951 0.3469119730 0.5197563353
0.8469164718 0.1698011296 0.6494319093 0.3064464751 0.4366856806 0.4867333990 0.4783667282 0.3939289711 0.2191263726 0.5958661460 0.4320408923 0.1847356142 0.7853488674 0.8879161187 0.5704760115
0.6039049426 0.6659023901 0.5515756940 0.8616620695 0.0992592491 0.2566723562 0.7775564154 0.1447667607 0.2820101470 0.2199833576 0.3850804733 0.9176868073 0.4381916760 0.6414553350 0.5314955884
0.6479460061 0.7595845147 0.6303881500 0.4244770249 0.9787968941 0.2922084770 0.2399254972 0.2463202117 0.1564842683 0.2811249168 0.5529759450 0.8211160866 0.2399804379 0.8022045839 0.5308455651

